image: mymap.pgm
resolution: 0.050000
origin: [-2.871019, -12.216738, 0.000000]
negate: 0
occupied_thresh: 0.65
free_thresh: 0.196

